def class_score(label_vectors_all, roc_vectors_all, total_combos, theta):
    theta = 3
    result_vectors_all = np.zeros([total_combos,12]).astype(int)
    for y in range(12):
        for x in range(total_combos):
            if (roc_vectors_all[x,y]>theta) and (label_vectors_all[x,y]==1):
                result_vectors_all[x,y] = 1
    return result_vectors_all    



y_score = class_score(label_vectors_all, roc_vectors_all, total_combos, theta)


thresholds = np.zeros([12])
fpr = np.zeros([12])
tpr = np.zeros([12])
for x in range(12):
    fpr, tpr, thresholds = sk.roc_curve(label_vectors_all[:,x], y_score[:,x])
    print('fpr = ', fpr)
    print('tpr = ', tpr)
    print('thresholds = ', thresholds)

fpr =  [0. 0. 1.]
tpr =  [0. 1. 1.]
thresholds =  [2 1 0]
fpr =  [0. 0. 1.]
tpr =  [0. 1. 1.]
thresholds =  [2 1 0]
fpr =  [0. 0. 1.]
tpr =  [0.         0.66666667 1.        ]
thresholds =  [2 1 0]
fpr =  [0. 0. 1.]
tpr =  [0.         0.77777778 1.        ]
thresholds =  [2 1 0]
fpr =  [0. 0. 1.]
tpr =  [0. 1. 1.]
thresholds =  [2 1 0]
fpr =  [0. 0. 1.]
tpr =  [0.         0.69444444 1.        ]
thresholds =  [2 1 0]
fpr =  [0. 0. 1.]
tpr =  [0. 1. 1.]
thresholds =  [2 1 0]
fpr =  [0. 0. 1.]
tpr =  [0. 1. 1.]
thresholds =  [2 1 0]
fpr =  [0. 1.]
tpr =  [nan nan]
thresholds =  [1 0]
fpr =  [0. 1.]
tpr =  [nan nan]
thresholds =  [1 0]
fpr =  [0. 0. 1.]
tpr =  [0. 1. 1.]
thresholds =  [2 1 0]
fpr =  [0. 0. 1.]
tpr =  [0.         0.22222222 1.        ]
thresholds =  [2 1 0]


roc_vectors_all
array([[  0,  87,   0,   0,   0,   0,   0,   0, 174,   0,  87,  87],
       [ 87,  87,   0,   0,   0,  13,   0,   0, 159,   0,   0,   0],
       [  0,  87,   0,   0,   0,   7,   0, 106, 174,   0,   0,   0],
       [  0,  87,   2,   0,   0,  10,   0,   0, 174,   0,   0,   0],
       [  0,  87,   0,   0,   0,  16,  87,   0, 174,   0,   0,   0],
       [  0,  87,   0,   8,   0,  10,   0,   0, 174,   0,   0,   0],
       [  0,  87,   0,   0,  63,   2,   0,   0, 174,   0,   0,   0],
       [  0,  55,   0,   2,   0,   3,   0,   0, 174,   0,   0,   0],
       [ 87,   0,   0,   0,   0,   2,   0,   0, 159,   2,  87,  87],
       [  0,   0,   0,   0,   0,   0,   0,  93, 174,   0,  87,  87],
       [  0,   0,  87,   0,   0,   2,   0,   0, 174,   0,  87,  87],
       [  0,   0,   0,   0,   0,   1,  87,   0, 174,   0,  87,  87],
       [  0,   0,   0,  87,   0,   2,   0,   0, 171,   0,  87,  87],
       [  0,   0,   0,   0,  62,   0,   0,   0, 173,   0,  87,  87],
       [  0,   0,   0,   0,   0,   0,   0,   0, 174,   0,  87,  87],
       [ 87,   0,   0,   0,   0,   7,   0, 106, 156,  88,   0,   0],
       [ 87,   0,  87,   0,   0,  17,   0,   0, 158,  87,   0,   0],
       [ 87,   0,   0,   0,   0,  25,  87,   0, 132,   0,   0,   0],
       [ 87,   0,   0,  87,   0,  18,   0,   0, 117,  87,   0,   0],
       [ 87,   0,   0,   2,  62,  12,   0,   0, 161,   0,   0,   0],
       [ 87,   0,   0,   0,   0,  13,   0,   0, 168,   0,   0,   0],
       [  0,   0,  87,   0,   0,  10,   0, 106, 174,  87,   0,   0],
       [  0,   0,   0,   0,   0,  10,  87, 106, 174,   0,   0,   0],
       [  0,   0,   0,  87,   0,  10,   0, 106, 174,  87,   0,   0],
       [  0,   0,   0,   0,  60,   6,   0, 106, 174,   0,   0,   0],
       [  0,   0,   0,   0,   0,   6,   0, 106, 174,   0,   0,   0],
       [  0,   0,  87,   0,   0,  29,  87,   0, 174,   0,   0,   0],
       [  0,   0,  87,  31,   0,  16,   0,   0, 174,  87,   0,   0],
       [  0,   0,  87,   0,  61,  11,   0,   0, 174,   0,   0,   0],
       [  0,  23,   0,   3,   0,  10,   0,   0, 174,   0,   0,   0],
       [  0,   0,   0,  87,   0,  29,  87,   0, 174,   0,   0,   0],
       [  0,   0,   0,   0,  60,  13,  87,   0, 174,   0,   0,   0],
       [  0,   0,   0,   0,   0,  16,  87,   0, 174,   0,   0,   0],
       [  0,   0,   0,  87,  60,  11,   0,   0, 174,   0,   0,   0],
       [  0,   0,   0,   3,   0,  10,   0,   0, 174,   0,   0,   0],
       [  0,   0,   0,   0,  61,   2,   0,   0, 174,   0,   0,   0],
       [ 87,  87,   0,   0,   0,   0,   0,   0,  87,   0,  87,  87],
       [  0,  87,   0,   0,   0,   0,   0, 109,  87,   0,  87,  87],
       [  0,  87,  10,   0,   0,   0,   0,   0, 173,   0,  87,  87],
       [  0,  87,   0,   0,   0,   0,  89,   0,  87,   0,  87,  87],
       [  0,  87,   0,   2,   0,   0,   0,   0, 174,   0,  87,  87],
       [  0,  87,   0,   0,  62,   0,   0,   0, 110,   0,  87,  87],
       [  0,  76,   0,   1,   0,   0,   0,   0, 171,   0,  87,  87],
       [ 87,  87,   0,   0,   0,   0,   0, 112,  87,  87,   0,   0],
       [ 87,  87,  16,   0,   0,   0,   0,   0, 165,  87,   0,   0],
       [ 87,  87,   0,   0,   0,   0,  89,   0,  87,   0,   0,   0],
       [ 87,  87,   0,   1,   0,   0,   0,   0, 165,  87,   0,   0],
       [ 87,  87,   0,   0,  62,   0,   0,   0, 110,   0,   0,   0],
       [ 87,  55,   0,   0,   0,   0,   0,   0, 171,   0,   0,   0],
       [  0,  87,   0,   0,   0,   0,   0, 116, 174,  87,   0,   0],
       [  0,  87,   0,   0,   0,   0,  87,  89,  87,   0,   0,   0],
       [  0,  87,   0,   2,   0,   0,   0, 113, 174,  87,   0,   0],
       [  0,  87,   0,   0,  61,   0,   0, 115, 110,   0,   0,   0],
       [  0,  78,   0,   2,   0,   0,   0, 115, 172,   0,   0,   0],
       [  0,  87,   0,   0,   0,   0,  90,   0, 174,   0,   0,   0],
       [  0,  87,  11,  44,   0,   0,   0,   0, 174,  87,   0,   0],
       [  0,  87,   1,   0,  61,   0,   0,   0, 174,   0,   0,   0],
       [  0,  86,   0,  11,   0,   0,   0,   0, 174,   0,   0,   0],
       [  0,  87,   0,   3,   0,   0,  90,   0, 174,   0,   0,   0],
       [  0,  87,   0,   0,  62,   0,  87,   0, 113,   0,   0,   0],
       [  0,  63,   0,   0,   0,   0,  87,   0, 174,   0,   0,   0],
       [  0,  87,   0,  12,  61,   0,   0,   0, 174,   0,   0,   0],
       [  0,  28,   0,  37,   0,   0,   0,   0, 174,   0,   0,   0],
       [  0,  24,   0,   1,  60,   0,   0,   0, 174,   0,   0,   0],
       [ 87,   0,   0,   0,   0,   0,   0, 101,  87,  87,  87,  87],
       [ 87,   0,  87,   0,   0,   0,   0,   0,  87,  87,  87,  87],
       [ 87,   0,   0,   0,   0,   0,  90,   0,  87,   0,  87,  87],
       [ 87,   0,   0,  87,   0,   0,   0,   0,  87,  87,  87,  87],
       [ 87,   0,   0,   1,  64,   0,   0,   0, 102,   0,  87,  87],
       [ 87,   0,   0,   0,   0,   0,   0,   0,  87,   0,  87,  87],
       [  0,   0,  87,   0,   0,   0,   0, 110,  87,  87,  87,  87],
       [  0,   0,   0,   0,   0,   0,  87,  89,  87,   0,  87,  87],
       [  0,   0,   0,  87,   0,   0,   0, 109,  87,  87,  87,  87],
       [  0,   0,   0,   0,  60,   0,   0, 108, 110,   0,  87,  87],
       [  0,   0,   0,   0,   0,   0,   0, 110,  87,   0,  87,  87],
       [  0,   0,  87,   0,   0,   0,  90,   0,  87,   0,  87,  87],
       [  0,   0,  87,  24,   0,   0,   0,   0, 160,  87,  87,  87],
       [  0,   0,  87,   0,  62,   0,   0,   0, 110,   0,  87,  87],
       [  0,  52,   0,   6,   0,   0,   0,   0, 165,   0,  87,  87],
       [  0,   0,   0,  87,   0,   0,  90,   0,  87,   0,  87,  87],
       [  0,   0,   0,   0,  62,   0,  90,   0, 110,   0,  87,  87],
       [  0,   0,   0,   0,   0,   0,  89,   0,  87,   0,  87,  87],
       [  0,   0,   0,  87,  62,   0,   0,   0, 109,   0,  87,  87],
       [  0,   0,   0,   8,   0,   0,   0,   0, 173,   0,  87,  87],
       [  0,   0,   0,   0,  62,   0,   0,   0, 110,   0,  87,  87],
       [ 87,   0,  87,   0,   0,   0,   0, 126,  83,  87,   0,   0],
       [ 87,   0,   0,   0,   0,   0,  87,  90,  87,  87,   0,   0],
       [ 87,   0,   0,  87,   0,   0,   0, 126,  83,  87,   0,   0],
       [ 87,   0,   0,   0,  51,   0,   0, 113, 105,  87,   0,   0],
       [ 87,   0,   0,   0,   0,   0,   0, 112,  87,  87,   0,   0],
       [ 87,   0,  87,   0,   0,   0, 142,   0,  87,  87,   0,   0],
       [ 87,   0,  87,  31,   0,   0,   0,   0, 142,  87,   0,   0],
       [ 87,   0,  87,   0,  62,   0,   0,   0, 108,  87,   0,   0],
       [ 87,  23,   0,   4,   0,   0,   0,   0, 163,  87,   0,   0],
       [ 87,   0,   0,  87,   0,   0, 141,   0,  87,  87,   0,   0],
       [ 87,   0,   0,   2,  62,   0,  90,   0, 110,   0,   0,   0],
       [ 87,   0,   0,   0,   0,   0,  88,   0,  87,   0,   0,   0],
       [ 87,   0,   0,  87,  62,   0,   0,   0, 102,  87,   0,   0],
       [ 87,   0,   0,   4,   0,   0,   0,   0, 164,  87,   0,   0],
       [ 87,   0,   0,   0,  62,   0,   0,   0, 110,   0,   0,   0],
       [  0,   0,  87,   0,   0,   0,  87,  90,  87,  87,   0,   0],
       [  0,   0,  87,  11,   0,   0,   0, 137, 167,  87,   0,   0],
       [  0,   0,  87,   0,  60,   0,   0, 115, 110,  87,   0,   0],
       [  0,  24,   0,   2,   0,   0,   0, 116, 172,  87,   0,   0],
       [  0,   0,   0,  87,   0,   0,  87,  89,  87,  87,   0,   0],
       [  0,   0,   0,   0,  60,   0,  87,  89, 110,   0,   0,   0],
       [  0,   0,   0,   0,   0,   0,  87,  89,  87,   0,   0,   0],
       [  0,   0,   0,  87,  60,   0,   0, 115, 110,  87,   0,   0],
       [  0,   0,   0,   2,   0,   0,   0, 115, 174,  87,   0,   0],
       [  0,   0,   0,   0,  60,   0,   0, 116, 110,   0,   0,   0],
       [  0,   0,  87,  15,   0,   0, 150,   0, 174,  87,   0,   0],
       [  0,   0,  87,   0,  60,   0,  91,   0, 117,   0,   0,   0],
       [  0,  27,   0,   2,   0,   0,  89,   0, 173,   0,   0,   0],
       [  0,   0,  87,  64,  60,   0,   0,   0, 174,  87,   0,   0],
       [  0,   3,   3,  53,   0,   0,   0,   0, 174,  87,   0,   0],
       [  0,   7,   0,   2,  61,   0,   0,   0, 174,   0,   0,   0],
       [  0,   0,   0,  87,  60,   0,  89,   0, 112,   0,   0,   0],
       [  0,   0,   0,   0,   0,   0,  89,   0, 174,   0,   0,   0],
       [  0,   0,   0,   0,  61,   0,  87,   0, 115,   0,   0,   0],
       [  0,   0,   0,   1,  61,   0,   0,   0, 174,   0,   0,   0]])

label_vectors_all
array([[0, 1, 0, 0, 0, 1, 0, 0, 0, 0, 1, 0],
       [1, 1, 0, 0, 0, 1, 0, 0, 0, 0, 0, 0],
       [0, 1, 0, 0, 0, 1, 0, 1, 0, 0, 0, 0],
       [0, 1, 1, 0, 0, 1, 0, 0, 0, 0, 0, 0],
       [0, 1, 0, 0, 0, 1, 1, 0, 0, 0, 0, 0],
       [0, 1, 0, 1, 0, 1, 0, 0, 0, 0, 0, 0],
       [0, 1, 0, 0, 1, 1, 0, 0, 0, 0, 0, 0],
       [0, 1, 0, 0, 0, 1, 0, 0, 0, 0, 0, 1],
       [1, 0, 0, 0, 0, 1, 0, 0, 0, 0, 1, 0],
       [0, 0, 0, 0, 0, 1, 0, 1, 0, 0, 1, 0],
       [0, 0, 1, 0, 0, 1, 0, 0, 0, 0, 1, 0],
       [0, 0, 0, 0, 0, 1, 1, 0, 0, 0, 1, 0],
       [0, 0, 0, 1, 0, 1, 0, 0, 0, 0, 1, 0],
       [0, 0, 0, 0, 1, 1, 0, 0, 0, 0, 1, 0],
       [0, 0, 0, 0, 0, 1, 0, 0, 0, 0, 1, 1],
       [1, 0, 0, 0, 0, 1, 0, 1, 0, 0, 0, 0],
       [1, 0, 1, 0, 0, 1, 0, 0, 0, 0, 0, 0],
       [1, 0, 0, 0, 0, 1, 1, 0, 0, 0, 0, 0],
       [1, 0, 0, 1, 0, 1, 0, 0, 0, 0, 0, 0],
       [1, 0, 0, 0, 1, 1, 0, 0, 0, 0, 0, 0],
       [1, 0, 0, 0, 0, 1, 0, 0, 0, 0, 0, 1],
       [0, 0, 1, 0, 0, 1, 0, 1, 0, 0, 0, 0],
       [0, 0, 0, 0, 0, 1, 1, 1, 0, 0, 0, 0],
       [0, 0, 0, 1, 0, 1, 0, 1, 0, 0, 0, 0],
       [0, 0, 0, 0, 1, 1, 0, 1, 0, 0, 0, 0],
       [0, 0, 0, 0, 0, 1, 0, 1, 0, 0, 0, 1],
       [0, 0, 1, 0, 0, 1, 1, 0, 0, 0, 0, 0],
       [0, 0, 1, 1, 0, 1, 0, 0, 0, 0, 0, 0],
       [0, 0, 1, 0, 1, 1, 0, 0, 0, 0, 0, 0],
       [0, 0, 1, 0, 0, 1, 0, 0, 0, 0, 0, 1],
       [0, 0, 0, 1, 0, 1, 1, 0, 0, 0, 0, 0],
       [0, 0, 0, 0, 1, 1, 1, 0, 0, 0, 0, 0],
       [0, 0, 0, 0, 0, 1, 1, 0, 0, 0, 0, 1],
       [0, 0, 0, 1, 1, 1, 0, 0, 0, 0, 0, 0],
       [0, 0, 0, 1, 0, 1, 0, 0, 0, 0, 0, 1],
       [0, 0, 0, 0, 1, 1, 0, 0, 0, 0, 0, 1],
       [1, 1, 0, 0, 0, 0, 0, 0, 0, 0, 1, 0],
       [0, 1, 0, 0, 0, 0, 0, 1, 0, 0, 1, 0],
       [0, 1, 1, 0, 0, 0, 0, 0, 0, 0, 1, 0],
       [0, 1, 0, 0, 0, 0, 1, 0, 0, 0, 1, 0],
       [0, 1, 0, 1, 0, 0, 0, 0, 0, 0, 1, 0],
       [0, 1, 0, 0, 1, 0, 0, 0, 0, 0, 1, 0],
       [0, 1, 0, 0, 0, 0, 0, 0, 0, 0, 1, 1],
       [1, 1, 0, 0, 0, 0, 0, 1, 0, 0, 0, 0],
       [1, 1, 1, 0, 0, 0, 0, 0, 0, 0, 0, 0],
       [1, 1, 0, 0, 0, 0, 1, 0, 0, 0, 0, 0],
       [1, 1, 0, 1, 0, 0, 0, 0, 0, 0, 0, 0],
       [1, 1, 0, 0, 1, 0, 0, 0, 0, 0, 0, 0],
       [1, 1, 0, 0, 0, 0, 0, 0, 0, 0, 0, 1],
       [0, 1, 1, 0, 0, 0, 0, 1, 0, 0, 0, 0],
       [0, 1, 0, 0, 0, 0, 1, 1, 0, 0, 0, 0],
       [0, 1, 0, 1, 0, 0, 0, 1, 0, 0, 0, 0],
       [0, 1, 0, 0, 1, 0, 0, 1, 0, 0, 0, 0],
       [0, 1, 0, 0, 0, 0, 0, 1, 0, 0, 0, 1],
       [0, 1, 1, 0, 0, 0, 1, 0, 0, 0, 0, 0],
       [0, 1, 1, 1, 0, 0, 0, 0, 0, 0, 0, 0],
       [0, 1, 1, 0, 1, 0, 0, 0, 0, 0, 0, 0],
       [0, 1, 1, 0, 0, 0, 0, 0, 0, 0, 0, 1],
       [0, 1, 0, 1, 0, 0, 1, 0, 0, 0, 0, 0],
       [0, 1, 0, 0, 1, 0, 1, 0, 0, 0, 0, 0],
       [0, 1, 0, 0, 0, 0, 1, 0, 0, 0, 0, 1],
       [0, 1, 0, 1, 1, 0, 0, 0, 0, 0, 0, 0],
       [0, 1, 0, 1, 0, 0, 0, 0, 0, 0, 0, 1],
       [0, 1, 0, 0, 1, 0, 0, 0, 0, 0, 0, 1],
       [1, 0, 0, 0, 0, 0, 0, 1, 0, 0, 1, 0],
       [1, 0, 1, 0, 0, 0, 0, 0, 0, 0, 1, 0],
       [1, 0, 0, 0, 0, 0, 1, 0, 0, 0, 1, 0],
       [1, 0, 0, 1, 0, 0, 0, 0, 0, 0, 1, 0],
       [1, 0, 0, 0, 1, 0, 0, 0, 0, 0, 1, 0],
       [1, 0, 0, 0, 0, 0, 0, 0, 0, 0, 1, 1],
       [0, 0, 1, 0, 0, 0, 0, 1, 0, 0, 1, 0],
       [0, 0, 0, 0, 0, 0, 1, 1, 0, 0, 1, 0],
       [0, 0, 0, 1, 0, 0, 0, 1, 0, 0, 1, 0],
       [0, 0, 0, 0, 1, 0, 0, 1, 0, 0, 1, 0],
       [0, 0, 0, 0, 0, 0, 0, 1, 0, 0, 1, 1],
       [0, 0, 1, 0, 0, 0, 1, 0, 0, 0, 1, 0],
       [0, 0, 1, 1, 0, 0, 0, 0, 0, 0, 1, 0],
       [0, 0, 1, 0, 1, 0, 0, 0, 0, 0, 1, 0],
       [0, 0, 1, 0, 0, 0, 0, 0, 0, 0, 1, 1],
       [0, 0, 0, 1, 0, 0, 1, 0, 0, 0, 1, 0],
       [0, 0, 0, 0, 1, 0, 1, 0, 0, 0, 1, 0],
       [0, 0, 0, 0, 0, 0, 1, 0, 0, 0, 1, 1],
       [0, 0, 0, 1, 1, 0, 0, 0, 0, 0, 1, 0],
       [0, 0, 0, 1, 0, 0, 0, 0, 0, 0, 1, 1],
       [0, 0, 0, 0, 1, 0, 0, 0, 0, 0, 1, 1],
       [1, 0, 1, 0, 0, 0, 0, 1, 0, 0, 0, 0],
       [1, 0, 0, 0, 0, 0, 1, 1, 0, 0, 0, 0],
       [1, 0, 0, 1, 0, 0, 0, 1, 0, 0, 0, 0],
       [1, 0, 0, 0, 1, 0, 0, 1, 0, 0, 0, 0],
       [1, 0, 0, 0, 0, 0, 0, 1, 0, 0, 0, 1],
       [1, 0, 1, 0, 0, 0, 1, 0, 0, 0, 0, 0],
       [1, 0, 1, 1, 0, 0, 0, 0, 0, 0, 0, 0],
       [1, 0, 1, 0, 1, 0, 0, 0, 0, 0, 0, 0],
       [1, 0, 1, 0, 0, 0, 0, 0, 0, 0, 0, 1],
       [1, 0, 0, 1, 0, 0, 1, 0, 0, 0, 0, 0],
       [1, 0, 0, 0, 1, 0, 1, 0, 0, 0, 0, 0],
       [1, 0, 0, 0, 0, 0, 1, 0, 0, 0, 0, 1],
       [1, 0, 0, 1, 1, 0, 0, 0, 0, 0, 0, 0],
       [1, 0, 0, 1, 0, 0, 0, 0, 0, 0, 0, 1],
       [1, 0, 0, 0, 1, 0, 0, 0, 0, 0, 0, 1],
       [0, 0, 1, 0, 0, 0, 1, 1, 0, 0, 0, 0],
       [0, 0, 1, 1, 0, 0, 0, 1, 0, 0, 0, 0],
       [0, 0, 1, 0, 1, 0, 0, 1, 0, 0, 0, 0],
       [0, 0, 1, 0, 0, 0, 0, 1, 0, 0, 0, 1],
       [0, 0, 0, 1, 0, 0, 1, 1, 0, 0, 0, 0],
       [0, 0, 0, 0, 1, 0, 1, 1, 0, 0, 0, 0],
       [0, 0, 0, 0, 0, 0, 1, 1, 0, 0, 0, 1],
       [0, 0, 0, 1, 1, 0, 0, 1, 0, 0, 0, 0],
       [0, 0, 0, 1, 0, 0, 0, 1, 0, 0, 0, 1],
       [0, 0, 0, 0, 1, 0, 0, 1, 0, 0, 0, 1],
       [0, 0, 1, 1, 0, 0, 1, 0, 0, 0, 0, 0],
       [0, 0, 1, 0, 1, 0, 1, 0, 0, 0, 0, 0],
       [0, 0, 1, 0, 0, 0, 1, 0, 0, 0, 0, 1],
       [0, 0, 1, 1, 1, 0, 0, 0, 0, 0, 0, 0],
       [0, 0, 1, 1, 0, 0, 0, 0, 0, 0, 0, 1],
       [0, 0, 1, 0, 1, 0, 0, 0, 0, 0, 0, 1],
       [0, 0, 0, 1, 1, 0, 1, 0, 0, 0, 0, 0],
       [0, 0, 0, 1, 0, 0, 1, 0, 0, 0, 0, 1],
       [0, 0, 0, 0, 1, 0, 1, 0, 0, 0, 0, 1],
       [0, 0, 0, 1, 1, 0, 0, 0, 0, 0, 0, 1]])

y_score
array([[0, 1, 0, 0, 0, 0, 0, 0, 0, 0, 1, 0],
       [1, 1, 0, 0, 0, 1, 0, 0, 0, 0, 0, 0],
       [0, 1, 0, 0, 0, 1, 0, 1, 0, 0, 0, 0],
       [0, 1, 0, 0, 0, 1, 0, 0, 0, 0, 0, 0],
       [0, 1, 0, 0, 0, 1, 1, 0, 0, 0, 0, 0],
       [0, 1, 0, 1, 0, 1, 0, 0, 0, 0, 0, 0],
       [0, 1, 0, 0, 1, 0, 0, 0, 0, 0, 0, 0],
       [0, 1, 0, 0, 0, 0, 0, 0, 0, 0, 0, 0],
       [1, 0, 0, 0, 0, 0, 0, 0, 0, 0, 1, 0],
       [0, 0, 0, 0, 0, 0, 0, 1, 0, 0, 1, 0],
       [0, 0, 1, 0, 0, 0, 0, 0, 0, 0, 1, 0],
       [0, 0, 0, 0, 0, 0, 1, 0, 0, 0, 1, 0],
       [0, 0, 0, 1, 0, 0, 0, 0, 0, 0, 1, 0],
       [0, 0, 0, 0, 1, 0, 0, 0, 0, 0, 1, 0],
       [0, 0, 0, 0, 0, 0, 0, 0, 0, 0, 1, 1],
       [1, 0, 0, 0, 0, 1, 0, 1, 0, 0, 0, 0],
       [1, 0, 1, 0, 0, 1, 0, 0, 0, 0, 0, 0],
       [1, 0, 0, 0, 0, 1, 1, 0, 0, 0, 0, 0],
       [1, 0, 0, 1, 0, 1, 0, 0, 0, 0, 0, 0],
       [1, 0, 0, 0, 1, 1, 0, 0, 0, 0, 0, 0],
       [1, 0, 0, 0, 0, 1, 0, 0, 0, 0, 0, 0],
       [0, 0, 1, 0, 0, 1, 0, 1, 0, 0, 0, 0],
       [0, 0, 0, 0, 0, 1, 1, 1, 0, 0, 0, 0],
       [0, 0, 0, 1, 0, 1, 0, 1, 0, 0, 0, 0],
       [0, 0, 0, 0, 1, 1, 0, 1, 0, 0, 0, 0],
       [0, 0, 0, 0, 0, 1, 0, 1, 0, 0, 0, 0],
       [0, 0, 1, 0, 0, 1, 1, 0, 0, 0, 0, 0],
       [0, 0, 1, 1, 0, 1, 0, 0, 0, 0, 0, 0],
       [0, 0, 1, 0, 1, 1, 0, 0, 0, 0, 0, 0],
       [0, 0, 0, 0, 0, 1, 0, 0, 0, 0, 0, 0],
       [0, 0, 0, 1, 0, 1, 1, 0, 0, 0, 0, 0],
       [0, 0, 0, 0, 1, 1, 1, 0, 0, 0, 0, 0],
       [0, 0, 0, 0, 0, 1, 1, 0, 0, 0, 0, 0],
       [0, 0, 0, 1, 1, 1, 0, 0, 0, 0, 0, 0],
       [0, 0, 0, 0, 0, 1, 0, 0, 0, 0, 0, 0],
       [0, 0, 0, 0, 1, 0, 0, 0, 0, 0, 0, 0],
       [1, 1, 0, 0, 0, 0, 0, 0, 0, 0, 1, 0],
       [0, 1, 0, 0, 0, 0, 0, 1, 0, 0, 1, 0],
       [0, 1, 1, 0, 0, 0, 0, 0, 0, 0, 1, 0],
       [0, 1, 0, 0, 0, 0, 1, 0, 0, 0, 1, 0],
       [0, 1, 0, 0, 0, 0, 0, 0, 0, 0, 1, 0],
       [0, 1, 0, 0, 1, 0, 0, 0, 0, 0, 1, 0],
       [0, 1, 0, 0, 0, 0, 0, 0, 0, 0, 1, 1],
       [1, 1, 0, 0, 0, 0, 0, 1, 0, 0, 0, 0],
       [1, 1, 1, 0, 0, 0, 0, 0, 0, 0, 0, 0],
       [1, 1, 0, 0, 0, 0, 1, 0, 0, 0, 0, 0],
       [1, 1, 0, 0, 0, 0, 0, 0, 0, 0, 0, 0],
       [1, 1, 0, 0, 1, 0, 0, 0, 0, 0, 0, 0],
       [1, 1, 0, 0, 0, 0, 0, 0, 0, 0, 0, 0],
       [0, 1, 0, 0, 0, 0, 0, 1, 0, 0, 0, 0],
       [0, 1, 0, 0, 0, 0, 1, 1, 0, 0, 0, 0],
       [0, 1, 0, 0, 0, 0, 0, 1, 0, 0, 0, 0],
       [0, 1, 0, 0, 1, 0, 0, 1, 0, 0, 0, 0],
       [0, 1, 0, 0, 0, 0, 0, 1, 0, 0, 0, 0],
       [0, 1, 0, 0, 0, 0, 1, 0, 0, 0, 0, 0],
       [0, 1, 1, 1, 0, 0, 0, 0, 0, 0, 0, 0],
       [0, 1, 0, 0, 1, 0, 0, 0, 0, 0, 0, 0],
       [0, 1, 0, 0, 0, 0, 0, 0, 0, 0, 0, 0],
       [0, 1, 0, 0, 0, 0, 1, 0, 0, 0, 0, 0],
       [0, 1, 0, 0, 1, 0, 1, 0, 0, 0, 0, 0],
       [0, 1, 0, 0, 0, 0, 1, 0, 0, 0, 0, 0],
       [0, 1, 0, 1, 1, 0, 0, 0, 0, 0, 0, 0],
       [0, 1, 0, 1, 0, 0, 0, 0, 0, 0, 0, 0],
       [0, 1, 0, 0, 1, 0, 0, 0, 0, 0, 0, 0],
       [1, 0, 0, 0, 0, 0, 0, 1, 0, 0, 1, 0],
       [1, 0, 1, 0, 0, 0, 0, 0, 0, 0, 1, 0],
       [1, 0, 0, 0, 0, 0, 1, 0, 0, 0, 1, 0],
       [1, 0, 0, 1, 0, 0, 0, 0, 0, 0, 1, 0],
       [1, 0, 0, 0, 1, 0, 0, 0, 0, 0, 1, 0],
       [1, 0, 0, 0, 0, 0, 0, 0, 0, 0, 1, 1],
       [0, 0, 1, 0, 0, 0, 0, 1, 0, 0, 1, 0],
       [0, 0, 0, 0, 0, 0, 1, 1, 0, 0, 1, 0],
       [0, 0, 0, 1, 0, 0, 0, 1, 0, 0, 1, 0],
       [0, 0, 0, 0, 1, 0, 0, 1, 0, 0, 1, 0],
       [0, 0, 0, 0, 0, 0, 0, 1, 0, 0, 1, 1],
       [0, 0, 1, 0, 0, 0, 1, 0, 0, 0, 1, 0],
       [0, 0, 1, 1, 0, 0, 0, 0, 0, 0, 1, 0],
       [0, 0, 1, 0, 1, 0, 0, 0, 0, 0, 1, 0],
       [0, 0, 0, 0, 0, 0, 0, 0, 0, 0, 1, 1],
       [0, 0, 0, 1, 0, 0, 1, 0, 0, 0, 1, 0],
       [0, 0, 0, 0, 1, 0, 1, 0, 0, 0, 1, 0],
       [0, 0, 0, 0, 0, 0, 1, 0, 0, 0, 1, 1],
       [0, 0, 0, 1, 1, 0, 0, 0, 0, 0, 1, 0],
       [0, 0, 0, 1, 0, 0, 0, 0, 0, 0, 1, 1],
       [0, 0, 0, 0, 1, 0, 0, 0, 0, 0, 1, 1],
       [1, 0, 1, 0, 0, 0, 0, 1, 0, 0, 0, 0],
       [1, 0, 0, 0, 0, 0, 1, 1, 0, 0, 0, 0],
       [1, 0, 0, 1, 0, 0, 0, 1, 0, 0, 0, 0],
       [1, 0, 0, 0, 1, 0, 0, 1, 0, 0, 0, 0],
       [1, 0, 0, 0, 0, 0, 0, 1, 0, 0, 0, 0],
       [1, 0, 1, 0, 0, 0, 1, 0, 0, 0, 0, 0],
       [1, 0, 1, 1, 0, 0, 0, 0, 0, 0, 0, 0],
       [1, 0, 1, 0, 1, 0, 0, 0, 0, 0, 0, 0],
       [1, 0, 0, 0, 0, 0, 0, 0, 0, 0, 0, 0],
       [1, 0, 0, 1, 0, 0, 1, 0, 0, 0, 0, 0],
       [1, 0, 0, 0, 1, 0, 1, 0, 0, 0, 0, 0],
       [1, 0, 0, 0, 0, 0, 1, 0, 0, 0, 0, 0],
       [1, 0, 0, 1, 1, 0, 0, 0, 0, 0, 0, 0],
       [1, 0, 0, 1, 0, 0, 0, 0, 0, 0, 0, 0],
       [1, 0, 0, 0, 1, 0, 0, 0, 0, 0, 0, 0],
       [0, 0, 1, 0, 0, 0, 1, 1, 0, 0, 0, 0],
       [0, 0, 1, 1, 0, 0, 0, 1, 0, 0, 0, 0],
       [0, 0, 1, 0, 1, 0, 0, 1, 0, 0, 0, 0],
       [0, 0, 0, 0, 0, 0, 0, 1, 0, 0, 0, 0],
       [0, 0, 0, 1, 0, 0, 1, 1, 0, 0, 0, 0],
       [0, 0, 0, 0, 1, 0, 1, 1, 0, 0, 0, 0],
       [0, 0, 0, 0, 0, 0, 1, 1, 0, 0, 0, 0],
       [0, 0, 0, 1, 1, 0, 0, 1, 0, 0, 0, 0],
       [0, 0, 0, 0, 0, 0, 0, 1, 0, 0, 0, 0],
       [0, 0, 0, 0, 1, 0, 0, 1, 0, 0, 0, 0],
       [0, 0, 1, 1, 0, 0, 1, 0, 0, 0, 0, 0],
       [0, 0, 1, 0, 1, 0, 1, 0, 0, 0, 0, 0],
       [0, 0, 0, 0, 0, 0, 1, 0, 0, 0, 0, 0],
       [0, 0, 1, 1, 1, 0, 0, 0, 0, 0, 0, 0],
       [0, 0, 0, 1, 0, 0, 0, 0, 0, 0, 0, 0],
       [0, 0, 0, 0, 1, 0, 0, 0, 0, 0, 0, 0],
       [0, 0, 0, 1, 1, 0, 1, 0, 0, 0, 0, 0],
       [0, 0, 0, 0, 0, 0, 1, 0, 0, 0, 0, 0],
       [0, 0, 0, 0, 1, 0, 1, 0, 0, 0, 0, 0],
       [0, 0, 0, 0, 1, 0, 0, 0, 0, 0, 0, 0]])


